2.621595188975334167e-02
1.921237818896770477e-02
1.442836225032806396e-02
1.078163459897041321e-02
7.971906103193759918e-03
5.921213887631893158e-03
4.053074400871992111e-03
3.351704450324177742e-03
2.615984529256820679e-03
2.261668909341096878e-03
2.042393665760755539e-03
1.992150209844112396e-03
1.919573172926902771e-03
1.887738355435431004e-03
1.899363822303712368e-03
1.931853243149816990e-03
1.985995331779122353e-03
1.938065281137824059e-03
1.912134583108127117e-03
1.957128988578915596e-03
1.940285786986351013e-03
1.925898948684334755e-03
1.945147756487131119e-03
2.013396238908171654e-03
1.943167648278176785e-03
1.925056683830916882e-03
1.937963883392512798e-03
1.999309519305825233e-03
2.075622323900461197e-03
2.040709136053919792e-03
2.145031699910759926e-03
2.035416429862380028e-03
